$ 1 0.000005 0.20306040966347483 50 5 43 5e-11
a 240 176 320 176 8 15 -15 1000000 -0.06580951728746098 -0.06581083347780674 100000
g 176 448 176 544 0 0
r 176 448 176 160 0 1000
w 176 160 240 160 0
w 176 160 176 96 0
r 176 96 320 96 0 1000
w 320 176 320 96 0
c 320 96 448 96 0 0.000009999999999999999 -2.5505393432741057 0.001
w 448 96 448 176 0
v 544 240 544 176 0 0 40 5 0 0 0.5
g 544 240 544 272 0 0
r 544 176 448 176 0 100000
r 544 240 448 240 0 100000
w 448 176 448 208 0
w 448 240 448 208 0
c 448 240 320 240 0 1.0000000000000001e-7 2.418920308699183 0.001
g 320 240 320 272 0 0
v 320 400 320 352 0 0 40 9 0 0 0.5
v 320 448 320 400 0 0 40 9 0 0 0.5
v 192 192 240 192 0 1 440 0.3 0 0 0.5
g 192 192 192 224 0 0
o 14 64 0 4099 20 0.8 0 2 14 3
