$ 1 0.000005 7.619785657297057 50 5 43 5e-11
v 160 288 160 192 0 1 440 0.3 0 0 0.5
g 160 288 160 320 0 0
w 160 192 192 192 0
r 192 192 192 272 0 1000000
g 192 272 192 320 0 0
c 192 192 256 192 0 1e-7 -0.7476703162993676 0.001
r 256 192 256 272 0 1000000
r 160 384 256 384 0 100000
r 160 416 256 416 0 100000
w 256 384 256 416 0
w 256 384 256 272 0
v 112 416 112 368 0 0 40 5 0 0 0.5
w 112 368 160 368 0
w 160 368 160 384 0
w 112 416 160 416 0
r 256 192 336 192 0 4700
c 336 192 336 256 0 6.8000000000000005e-9 0.8007928314697321 0.001
g 336 256 336 320 0 0
409 336 176 496 176 1 0.6 0 0.023100000000000002 2
w 416 208 400 448 0
w 400 448 64 448 0
w 64 448 80 368 0
w 80 368 112 368 0
g 416 144 416 112 0 0
w 336 160 336 80 0
r 336 80 256 80 0 10
r 256 80 144 80 0 4700
c 144 80 144 128 0 0.0000047 0.7220582697591654 0.001
g 144 128 144 160 0 0
c 336 80 336 16 0 2.7e-10 0.006084411127862066 0.001
w 336 16 496 16 0
r 336 80 496 80 0 100000
w 496 16 496 80 0
w 496 80 496 176 0
r 496 176 496 272 0 4700
c 496 272 496 400 0 6.8000000000000005e-9 0.7132747714337746 0.001
w 496 272 544 272 0
g 496 400 496 432 0 0
